{
    "Quadrant 1": {
        "1": {
            "coordinates": {
                "x": 0.06311,
                "y": -0.00415,
                "z": 0.23629
            },
            "rotation": [
                [
                    0.0,
                    -0.06784116087458944,
                    0.9976961345475827
                ],
                [
                    0.0,
                    -0.9976961345475827,
                    -0.06784116087458944
                ],
                [
                    1.0,
                    0.0,
                    0.0
                ]
            ]
        },
        "2": {
            "coordinates": {
                "x": 0.06311,
                "y": -0.01142,
                "z": 0.2349
            },
            "rotation": [
                [
                    0.0,
                    -0.3674753565882333,
                    0.9300332587065641
                ],
                [
                    0.0,
                    -0.9300332587065641,
                    -0.3674753565882333
                ],
                [
                    1.0,
                    0.0,
                    0.0
                ]
            ]
        },
        "3": {
            "coordinates": {
                "x": 0.06311,
                "y": -0.01734,
                "z": 0.23075
            },
            "rotation": [
                [
                    0.0,
                    -0.7738402097265062,
                    0.6333808726275502
                ],
                [
                    0.0,
                    -0.6333808726275502,
                    -0.7738402097265062
                ],
                [
                    1.0,
                    0.0,
                    0.0
                ]
            ]
        },
        "4": {
            "coordinates": {
                "x": 0.06311,
                "y": -0.02029,
                "z": 0.22367
            },
            "rotation": [
                [
                    0.0,
                    -0.914536574598195,
                    0.40450321843243736
                ],
                [
                    0.0,
                    -0.40450321843243736,
                    -0.914536574598195
                ],
                [
                    1.0,
                    0.0,
                    0.0
                ]
            ]
        },
        "5": {
            "coordinates": {
                "x": 0.06311,
                "y": -0.0229,
                "z": 0.21683
            },
            "rotation": [
                [
                    0.0,
                    -0.9580728994623191,
                    0.2865245527277985
                ],
                [
                    0.0,
                    -0.2865245527277985,
                    -0.9580728994623191
                ],
                [
                    1.0,
                    0.0,
                    0.0
                ]
            ]
        },
        "6": {
            "coordinates": {
                "x": 0.06311,
                "y": -0.02448,
                "z": 0.2079
            },
            "rotation": [
                [
                    0.0,
                    -0.9836029623670509,
                    0.18034747689602404
                ],
                [
                    0.0,
                    -0.18034747689602404,
                    -0.9836029623670509
                ],
                [
                    1.0,
                    0.0,
                    0.0
                ]
            ]
        },
        "7": {
            "coordinates": {
                "x": 0.06311,
                "y": -0.02575,
                "z": 0.19759
            },
            "rotation": [
                [
                    0.0,
                    -1.0,
                    6.123233995736766e-17
                ],
                [
                    0.0,
                    -6.123233995736766e-17,
                    -1.0
                ],
                [
                    1.0,
                    0.0,
                    0.0
                ]
            ]
        },
        "8": {
            "coordinates": {
                "x": 0.06311,
                "y": -0.02553,
                "z": 0.18799
            },
            "rotation": [
                [
                    0.0,
                    -0.9938067686136166,
                    -0.11112203497849342
                ],
                [
                    0.0,
                    0.11112203497849342,
                    -0.9938067686136166
                ],
                [
                    1.0,
                    0.0,
                    0.0
                ]
            ]
        }
    },
    "Quadrant 2": {
        "1": {
            "coordinates": {
                "x": 0.06311,
                "y": 0.00483,
                "z": 0.23623
            },
            "rotation": [
                [
                    0.0,
                    0.06348725826840614,
                    0.9979826491665879
                ],
                [
                    0.0,
                    -0.9979826491665879,
                    0.06348725826840614
                ],
                [
                    1.0,
                    0.0,
                    0.0
                ]
            ]
        },
        "2": {
            "coordinates": {
                "x": 0.06311,
                "y": 0.01231,
                "z": 0.23484
            },
            "rotation": [
                [
                    0.0,
                    0.36373901304299494,
                    0.9315009019805123
                ],
                [
                    0.0,
                    -0.9315009019805123,
                    0.36373901304299494
                ],
                [
                    1.0,
                    0.0,
                    0.0
                ]
            ]
        },
        "3": {
            "coordinates": {
                "x": 0.06311,
                "y": 0.01753,
                "z": 0.23132
            },
            "rotation": [
                [
                    0.0,
                    0.7358607679929621,
                    0.6771328747954923
                ],
                [
                    0.0,
                    -0.6771328747954923,
                    0.7358607679929621
                ],
                [
                    1.0,
                    0.0,
                    0.0
                ]
            ]
        },
        "4": {
            "coordinates": {
                "x": 0.06311,
                "y": 0.01997,
                "z": 0.22477
            },
            "rotation": [
                [
                    0.0,
                    0.9283561384876282,
                    0.3716919156133742
                ],
                [
                    0.0,
                    -0.3716919156133742,
                    0.9283561384876282
                ],
                [
                    1.0,
                    0.0,
                    0.0
                ]
            ]
        },
        "5": {
            "coordinates": {
                "x": 0.06311,
                "y": 0.02315,
                "z": 0.21791
            },
            "rotation": [
                [
                    0.0,
                    0.9563047559630354,
                    0.29237170472273677
                ],
                [
                    0.0,
                    -0.29237170472273677,
                    0.9563047559630354
                ],
                [
                    1.0,
                    0.0,
                    0.0
                ]
            ]
        },
        "6": {
            "coordinates": {
                "x": 0.06311,
                "y": 0.02462,
                "z": 0.20863
            },
            "rotation": [
                [
                    0.0,
                    0.9826775465530949,
                    0.1853236075096477
                ],
                [
                    0.0,
                    -0.1853236075096477,
                    0.9826775465530949
                ],
                [
                    1.0,
                    0.0,
                    0.0
                ]
            ]
        },
        "7": {
            "coordinates": {
                "x": 0.06311,
                "y": 0.02653,
                "z": 0.19819
            },
            "rotation": [
                [
                    0.0,
                    0.9977782735475763,
                    0.0666221947733486
                ],
                [
                    0.0,
                    -0.0666221947733486,
                    0.9977782735475763
                ],
                [
                    1.0,
                    0.0,
                    0.0
                ]
            ]
        },
        "8": {
            "coordinates": {
                "x": 0.06311,
                "y": 0.02632,
                "z": 0.18836
            },
            "rotation": [
                [
                    0.0,
                    0.99682073387662,
                    -0.0796770011589094
                ],
                [
                    0.0,
                    0.0796770011589094,
                    0.99682073387662
                ],
                [
                    1.0,
                    0.0,
                    0.0
                ]
            ]
        }
    },
    "Quadrant 3": {
        "1": {
            "coordinates": {
                "x": 0.20887,
                "y": 0.00299,
                "z": 0.08229
            },
            "rotation": [
                [
                    0.9978930314510823,
                    -0.06488064257826946,
                    0.0
                ],
                [
                    0.06488064257826946,
                    0.9978930314510823,
                    0.0
                ],
                [
                    0.0,
                    0.0,
                    1.0
                ]
            ]
        },
        "2": {
            "coordinates": {
                "x": 0.20785,
                "y": 0.00868,
                "z": 0.08229
            },
            "rotation": [
                [
                    0.9678849122526186,
                    0.25139370842115494,
                    0.0
                ],
                [
                    -0.25139370842115494,
                    0.9678849122526186,
                    0.0
                ],
                [
                    0.0,
                    0.0,
                    1.0
                ]
            ]
        },
        "3": {
            "coordinates": {
                "x": 0.20505,
                "y": 0.01414,
                "z": 0.08229
            },
            "rotation": [
                [
                    0.7469863937211177,
                    0.664839324645827,
                    0.0
                ],
                [
                    -0.664839324645827,
                    0.7469863937211177,
                    0.0
                ],
                [
                    0.0,
                    0.0,
                    1.0
                ]
            ]
        },
        "4": {
            "coordinates": {
                "x": 0.19977,
                "y": 0.01773,
                "z": 0.08229
            },
            "rotation": [
                [
                    0.37282583892020327,
                    0.9279013384155919,
                    0.0
                ],
                [
                    -0.9279013384155919,
                    0.37282583892020327,
                    0.0
                ],
                [
                    0.0,
                    0.0,
                    1.0
                ]
            ]
        },
        "5": {
            "coordinates": {
                "x": 0.19292,
                "y": 0.02031,
                "z": 0.08229
            },
            "rotation": [
                [
                    0.30270259863330595,
                    0.9530850627203449,
                    0.0
                ],
                [
                    -0.9530850627203449,
                    0.30270259863330595,
                    0.0
                ],
                [
                    0.0,
                    0.0,
                    1.0
                ]
            ]
        },
        "6": {
            "coordinates": {
                "x": 0.18383,
                "y": 0.02286,
                "z": 0.08229
            },
            "rotation": [
                [
                    0.155572484907457,
                    0.9878244793179196,
                    0.0
                ],
                [
                    -0.9878244793179196,
                    0.155572484907457,
                    0.0
                ],
                [
                    0.0,
                    0.0,
                    1.0
                ]
            ]
        },
        "7": {
            "coordinates": {
                "x": 0.17332,
                "y": 0.02488,
                "z": 0.08379
            },
            "rotation": [
                [
                    0.04082935197851018,
                    0.9991661343425401,
                    0.0
                ],
                [
                    -0.9991661343425401,
                    0.04082935197851018,
                    0.0
                ],
                [
                    0.0,
                    0.0,
                    1.0
                ]
            ]
        },
        "8": {
            "coordinates": {
                "x": 0.16328,
                "y": 0.02458,
                "z": 0.08449
            },
            "rotation": [
                [
                    -0.02268733357278122,
                    0.9997426093226983,
                    0.0
                ],
                [
                    -0.9997426093226983,
                    -0.02268733357278122,
                    0.0
                ],
                [
                    0.0,
                    0.0,
                    1.0
                ]
            ]
        }
    },
    "Quadrant 4": {
        "1": {
            "coordinates": {
                "x": 0.20886,
                "y": -0.00246,
                "z": 0.08229
            },
            "rotation": [
                [
                    0.9992494556590916,
                    -0.03873661530140628,
                    0.0
                ],
                [
                    0.03873661530140628,
                    0.9992494556590916,
                    0.0
                ],
                [
                    0.0,
                    0.0,
                    1.0
                ]
            ]
        },
        "2": {
            "coordinates": {
                "x": 0.20785,
                "y": -0.00788,
                "z": 0.08229
            },
            "rotation": [
                [
                    0.9923103502442241,
                    -0.12377466945294324,
                    0.0
                ],
                [
                    0.12377466945294324,
                    0.9923103502442241,
                    0.0
                ],
                [
                    0.0,
                    0.0,
                    1.0
                ]
            ]
        },
        "3": {
            "coordinates": {
                "x": 0.20555,
                "y": -0.01341,
                "z": 0.08229
            },
            "rotation": [
                [
                    0.8328246429786038,
                    -0.5535369129945726,
                    0.0
                ],
                [
                    0.5535369129945726,
                    0.8328246429786038,
                    0.0
                ],
                [
                    0.0,
                    0.0,
                    1.0
                ]
            ]
        },
        "4": {
            "coordinates": {
                "x": 0.20023,
                "y": -0.01769,
                "z": 0.08229
            },
            "rotation": [
                [
                    0.45911477048736044,
                    -0.888376962511038,
                    0.0
                ],
                [
                    0.888376962511038,
                    0.45911477048736044,
                    0.0
                ],
                [
                    0.0,
                    0.0,
                    1.0
                ]
            ]
        },
        "5": {
            "coordinates": {
                "x": 0.19307,
                "y": -0.02056,
                "z": 0.08229
            },
            "rotation": [
                [
                    0.357227098715315,
                    -0.9340175586911836,
                    0.0
                ],
                [
                    0.9340175586911836,
                    0.357227098715315,
                    0.0
                ],
                [
                    0.0,
                    0.0,
                    1.0
                ]
            ]
        },
        "6": {
            "coordinates": {
                "x": 0.18412,
                "y": -0.02329,
                "z": 0.08229
            },
            "rotation": [
                [
                    0.2183135676803785,
                    -0.975878673896845,
                    0.0
                ],
                [
                    0.975878673896845,
                    0.2183135676803785,
                    0.0
                ],
                [
                    0.0,
                    0.0,
                    1.0
                ]
            ]
        },
        "7": {
            "coordinates": {
                "x": 0.17332,
                "y": -0.02471,
                "z": 0.08379
            },
            "rotation": [
                [
                    0.15108829321465456,
                    -0.9885202717463525,
                    0.0
                ],
                [
                    0.9885202717463525,
                    0.15108829321465456,
                    0.0
                ],
                [
                    0.0,
                    0.0,
                    1.0
                ]
            ]
        },
        "8": {
            "coordinates": {
                "x": 0.16318,
                "y": -0.02434,
                "z": 0.08449
            },
            "rotation": [
                [
                    -0.04449120468828862,
                    -0.9990097760809875,
                    0.0
                ],
                [
                    0.9990097760809875,
                    -0.04449120468828862,
                    0.0
                ],
                [
                    0.0,
                    0.0,
                    1.0
                ]
            ]
        }
    }
}