{
    "Quadrant 1": {
      "1": {
        "coordinates": {"x": 0.0727, "y": 0.25941, "z": 0.00336},
        "rotation": [[1, 0, 0], [0, 1, 0], [0, 0, 1]]
      },
      "2": {
        "coordinates": {"x": 0.0731, "y": 0.2569, "z": 0.011},
        "rotation": [[0.94322266, 0.33216113, 0], [-0.33216113, 0.94322266, 0], [0, 0, 1]]
      },
      "3": {
        "coordinates": {"x": 0.0739, "y": 0.2537, "z": 0.0189},
        "rotation": [[0.60181502, 0.79863551, 0], [-0.79863551, 0.60181502, 0], [0, 0, 1]]
      },
      "4": {
        "coordinates": {"x": 0.0716, "y": 0.2445, "z": 0.0193},
        "rotation": [[0.53729961, 0.84339145, 0], [-0.84339145, 0.53729961, 0], [0, 0, 1]]
      },
      "5": {
        "coordinates": {"x": 0.0716, "y": 0.2375, "z": 0.0232},
        "rotation": [[0.40194778, 0.91566259, 0], [-0.91566259, 0.40194778, 0], [0, 0, 1]]
      },
      "6": {
        "coordinates": {"x": 0.0706, "y": 0.2299, "z": 0.0241},
        "rotation": [[0.17880222, 0.98388504, 0], [-0.98388504, 0.17880222, 0], [0, 0, 1]]
      },
      "7": {
        "coordinates": {"x": 0.0703, "y": 0.2189, "z": 0.0253},
        "rotation": [[0.17880222, 0.98388504, 0], [-0.98388504, 0.17880222, 0], [0, 0, 1]]
      },
      "8": {
        "coordinates": {"x": 0.0694, "y": 0.2087, "z": 0.0258},
        "rotation": [[-0.0975829, 0.9952274, 0], [-0.9952274, -0.0975829, 0], [0, 0, 1]]
      }
    },
    "Quadrant 2": {
      "1": {
        "coordinates": {"x": 0.0727, "y": 0.25941, "z": -0.00336},
        "rotation": [[1, 0, 0], [0, 1, 0], [0, 0, 1]]
      },
      "2": {
        "coordinates": {"x": 0.0731, "y": 0.2569, "z": -0.011},
        "rotation": [[0.94322266, -0.33216113, 0], [0.33216113, 0.94322266, 0], [0, 0, 1]]
      },
      "3": {
        "coordinates": {"x": 0.0739, "y": 0.2537, "z": -0.0189},
        "rotation": [[0.60181502, -0.79863551, 0], [0.79863551, 0.60181502, 0], [0, 0, 1]]
      },
      "4": {
        "coordinates": {"x": 0.0716, "y": 0.2445, "z": -0.0193},
        "rotation": [[0.53729961, -0.84339145, 0], [0.84339145, 0.53729961, 0], [0, 0, 1]]
      },
      "5": {
        "coordinates": {"x": 0.0716, "y": 0.2375, "z": -0.0232},
        "rotation": [[0.40194778, -0.91566259, 0], [0.91566259, 0.40194778, 0], [0, 0, 1]]
      },
      "6": {
        "coordinates": {"x": 0.0706, "y": 0.2299, "z": -0.0241},
        "rotation": [[0.17880222, -0.98388504, 0], [0.98388504, 0.17880222, 0], [0, 0, 1]]
      },
      "7": {
        "coordinates": {"x": 0.0703, "y": 0.2189, "z": -0.0253},
        "rotation": [[0.17880222, -0.98388504, 0], [0.98388504, 0.17880222, 0], [0, 0, 1]]
      },
      "8": {
        "coordinates": {"x": 0.0694, "y": 0.2087, "z": -0.0258},
        "rotation": [[-0.0975829, -0.9952274, 0], [0.9952274, -0.0975829, 0], [0, 0, 1]]
      }
    },
    "Quadrant 3": {
      "1": {
        "coordinates": {"x": 0.2129, "y": 0.1064, "z": -0.00207},
        "rotation": [[1, 0, 0], [0, 1, 0], [0, 0, 1]]
      },
      "2": {
        "coordinates": {"x": 0.2124, "y": 0.1066, "z": -0.00779},
        "rotation": [[1, 0, 0], [0, 0.94147054, 0.33709526], [0, -0.33709526, 0.94147054]]
      },
      "3": {
        "coordinates": {"x": 0.2096, "y": 0.1067, "z": -0.0135},
        "rotation": [[1, 0, 0], [0, 0.77494449, 0.6320293], [0, -0.6320293, 0.77494449]]
      },
      "4": {
        "coordinates": {"x": 0.2035, "y": 0.1028, "z": -0.0155},
        "rotation": [[1, 0, 0], [0, 0.39073113, 0.92050485], [0, -0.92050485, 0.39073113]]
      },
      "5": {
        "coordinates": {"x": 0.1969, "y": 0.104, "z": -0.0189},
        "rotation": [[1, 0, 0], [0, 0.20791169, 0.9781476], [0, -0.9781476, 0.20791169]]
      },
      "6": {
        "coordinates": {"x": 0.1877, "y": 0.1029, "z": -0.0214},
        "rotation": [[1, 0, 0], [0, 0.20791169, 0.9781476], [0, -0.9781476, 0.20791169]]
      },
      "7": {
        "coordinates": {"x": 0.1766, "y": 0.1028, "z": -0.0211},
        "rotation": [[1, 0, 0], [0, 0.20791169, 0.9781476], [0, -0.9781476, 0.20791169]]
      },
      "8": {
        "coordinates": {"x": 0.1658, "y": 0.1032, "z": -0.0228},
        "rotation": [[1, 0, 0], [0, 6.123234e-17, 1], [0, -1, 6.123234e-17]]
      }
    },
    "Quadrant 4": {
      "1": {
        "coordinates": {"x": 0.2129, "y": 0.1064, "z": 0.00207},
        "rotation": [[1, 0, 0], [0, 1, 0], [0, 0, 1]]
      },
      "2": {
        "coordinates": {"x": 0.2124, "y": 0.1066, "z": 0.00779},
        "rotation": [[1, 0, 0], [0, 0.94147054, -0.33709526], [0, 0.33709526, 0.94147054]]
      },
      "3": {
        "coordinates": {"x": 0.2096, "y": 0.1067, "z": 0.0135},
        "rotation": [[1, 0, 0], [0, 0.77549574, -0.6313528], [0, 0.6313528, 0.77549574]]
      },
      "4": {
        "coordinates": {"x": 0.2035, "y": 0.1028, "z": 0.0155},
        "rotation": [[1, 0, 0], [0, 0.39073113, -0.92050485], [0, 0.92050485, 0.39073113]]
      },
      "5": {
        "coordinates": {"x": 0.1969, "y": 0.104, "z": 0.0189},
        "rotation": [[1, 0, 0], [0, 0.20791169, -0.9781476], [0, 0.9781476, 0.20791169]]
      },
      "6": {
        "coordinates": {"x": 0.1877, "y": 0.1029, "z": 0.0214},
        "rotation": [[1, 0, 0], [0, 0.20791169, -0.9781476], [0, 0.9781476, 0.20791169]]
      },
      "7": {
        "coordinates": {"x": 0.1766, "y": 0.1028, "z": 0.0211},
        "rotation": [[1, 0, 0], [0, 0.20791169, -0.9781476], [0, 0.9781476, 0.20791169]]
      },
      "8": {
        "coordinates": {"x": 0.1658, "y": 0.1032, "z": 0.0228},
        "rotation": [[1, 0, 0], [0, 6.123234e-17, -1], [0, 1, 6.123234e-17]]
      }
    }
  }
  